49
Roosevelt
18000
22000
2
12
`
Paul
2000
18000
1
3
12
11
`
Tyler
33000
27000
2
11
10
4
`
Nixon
40000
40000
3
10
9
5
`
Gore
34200
25800
4
9
8
6
7
`
Washington
18000
12000
5
8
7
`
Cheney
100000
100000
5
6
8
17
18
`
Monroe
120000
180000
9
16
20
17
18
7
6
5
`
Cleveland
112500
137500
10
15
16
20
8
5
4
`
Palin
82500
67500
11
15
9
4
3
`
Pierce
32500
17500
2
3
12
13
14
15
10
`
Rice
32500
17500
1
2
11
13
14
`
Coolidge
61200
58800
12
11
14
23
`
Taylor
140000
260000
12
13
23
22
16
15
10
11
`
Hayes
100000
100000
11
14
16
9
10
`
Clinton
44200
40800
8
9
15
14
22
21
20
`
Jefferson
45000
15000
8
20
19
18
7
`
Kennedy
32500
17500
7
8
17
20
19
`
Arthur
27000
18000
18
17
20
27
28
`
Buchanan
100000
100000
8
9
16
21
25
26
27
28
19
18
17
`
Grant
51700
58300
16
22
25
20
`
Eisenhower
120000
180000
14
23
24
25
21
16
`
Johnson
48000
32000
13
24
22
14
`
Van Buren
82500
67500
23
22
25
33
`
Wilson
122500
227500
21
22
24
33
32
31
26
20
`
Ford
60000
40000
20
25
31
30
27
`
Taft
12000
18000
20
26
30
29
28
19
`
Hoover
16500
13500
19
20
27
30
29
`
Biden
31500
13500
28
27
30
37
38
`
Reagen
32500
17500
27
26
31
36
37
38
29
28
`
McCain
16000
64000
26
25
32
36
30
`
Truman
100000
100000
25
33
34
35
36
31
`
Edwards
32500
17500
24
34
35
32
25
`
Lincoln
44000
36000
33
44
43
35
32
`
Madison
140000
260000
33
34
43
42
36
32
`
Nunney
82500
67500
31
32
35
43
42
41
37
30
`
Kerry
112500
137500
30
36
41
40
38
29
`
Polk
48000
72000
29
30
37
40
39
`
Fillmore
60000
40000
38
40
48
49
`
Garfield
14000
21000
38
37
41
48
49
39
`
Harrison
45000
45000
37
36
42
48
40
`
Harding
36000
84000
36
35
43
46
47
48
41
`
Jackson
60000
60000
35
34
44
46
42
36
`
Quayle
16000
4000
34
43
45
46
`
Adams
21000
9000
44
46
`
Bush
32500
17500
43
44
45
47
42
`
Carter
112500
137500
42
46
48
`
Obama
40200
19800
40
41
42
47
49
39
`
McKinley
60000
40000
39
40
48
`